cutpasteCCC.swf Movie Report
-----------------------------
Frame #    Frame Bytes    Total Bytes    Scene
-------    -----------    -----------    ----------------
      1           3576           3576    Load (AS 2.0 Classes Export Frame)
      2              2           3578    
      3              2           3580    
      4              2           3582    
      5              2           3584    
      6             18           3602    
      7             88           3690    
      8              2           3692    
      9              2           3694    
     10              2           3696    
     11              2           3698    
     12              2           3700    
     13              2           3702    
     14              2           3704    
     15              2           3706    
     16             17           3723    
     17             39           3762    
     18              2           3764    
     19              2           3766    
     20              2           3768    
     21              2           3770    
     22              2           3772    
     23              2           3774    
     24              2           3776    
     25              2           3778    
     26             17           3795    
     27             87           3882    
     28              2           3884    
     29              2           3886    
     30              2           3888    
     31              2           3890    
     32              2           3892    
     33              2           3894    
     34              2           3896    
     35              2           3898    
     36              2           3900    
     37              2           3902    
     38             17           3919    
     39             74           3993    
     40              2           3995    
     41              2           3997    
     42              2           3999    
     43              2           4001    
     44              2           4003    
     45              2           4005    
     46              2           4007    
     47              2           4009    
     48              2           4011    
     49              2           4013    
     50            475           4488    
     51          11999          16487    Main
     52             12          16499    
     53            402          16901    
     54            402          17303    
     55            402          17705    
     56            402          18107    
     57            402          18509    
     58            532          19041    
     59            402          19443    
     60            402          19845    
     61            402          20247    
     62            402          20649    
     63            532          21181    
     64            402          21583    
     65            402          21985    
     66            402          22387    
     67            402          22789    
     68            532          23321    
     69            402          23723    
     70            402          24125    
     71            402          24527    
     72            402          24929    
     73            402          25331    
     74            532          25863    
     75            402          26265    
     76            402          26667    
     77            402          27069    
     78            402          27471    
     79            532          28003    
     80            402          28405    
     81            402          28807    
     82            402          29209    
     83            402          29611    
     84            532          30143    
     85            402          30545    
     86            402          30947    
     87            402          31349    
     88            402          31751    
     89            532          32283    
     90            402          32685    
     91            402          33087    
     92            402          33489    
     93            402          33891    
     94            402          34293    
     95            532          34825    
     96            402          35227    
     97            402          35629    
     98            402          36031    
     99            402          36433    
    100            532          36965    
    101            402          37367    
    102            402          37769    
    103            402          38171    
    104            402          38573    
    105            532          39105    
    106            402          39507    
    107            402          39909    
    108            402          40311    
    109            402          40713    
    110            402          41115    
    111            532          41647    
    112            402          42049    
    113            402          42451    
    114            402          42853    
    115            402          43255    
    116            532          43787    
    117            402          44189    
    118            402          44591    
    119            402          44993    
    120            402          45395    
    121            532          45927    
    122            402          46329    
    123            402          46731    
    124            402          47133    
    125            402          47535    
    126            532          48067    
    127            402          48469    
    128            402          48871    
    129            402          49273    
    130            402          49675    
    131            402          50077    
    132            532          50609    
    133            402          51011    
    134            402          51413    
    135            402          51815    
    136            402          52217    
    137            532          52749    
    138            402          53151    
    139            402          53553    
    140            402          53955    
    141            402          54357    
    142            532          54889    
    143            402          55291    
    144            402          55693    
    145            402          56095    
    146            402          56497    
    147            532          57029    
    148            402          57431    
    149            402          57833    
    150            402          58235    
    151            402          58637    
    152            402          59039    
    153            532          59571    
    154            402          59973    
    155            402          60375    
    156            402          60777    
    157            402          61179    
    158            532          61711    
    159            402          62113    
    160            402          62515    
    161            402          62917    
    162            402          63319    
    163            532          63851    
    164            402          64253    
    165            402          64655    
    166            410          65065    
    167            402          65467    
    168            402          65869    
    169            532          66401    
    170            402          66803    
    171            402          67205    
    172            402          67607    
    173            402          68009    
    174            532          68541    
    175            402          68943    
    176           6589          75532    
    177            402          75934    
    178            402          76336    
    179            532          76868    
    180            402          77270    
    181            402          77672    
    182            402          78074    
    183            402          78476    
    184            532          79008    
    185            402          79410    
    186            402          79812    
    187            402          80214    
    188            402          80616    
    189            402          81018    
    190            532          81550    
    191            402          81952    
    192            402          82354    
    193            402          82756    
    194            402          83158    
    195            532          83690    
    196            402          84092    
    197            402          84494    
    198            402          84896    
    199            402          85298    
    200            532          85830    
    201            402          86232    
    202            402          86634    
    203            402          87036    
    204            402          87438    
    205            402          87840    
    206            532          88372    
    207            402          88774    
    208            402          89176    
    209            402          89578    
    210            402          89980    
    211            532          90512    
    212            402          90914    
    213            402          91316    
    214            402          91718    
    215            402          92120    
    216            532          92652    
    217            402          93054    
    218            402          93456    
    219            402          93858    
    220            402          94260    
    221            532          94792    
    222            402          95194    
    223            402          95596    
    224            402          95998    
    225            402          96400    
    226            567          96967    
    227            552          97519    
    228            421          97940    
    229            421          98361    
    230            421          98782    
    231           3653         102435    
    232            532         102967    
    233            402         103369    
    234            402         103771    
    235            402         104173    
    236            402         104575    
    237            532         105107    
    238            402         105509    
    239            402         105911    
    240            402         106313    
    241            402         106715    
    242            402         107117    
    243            532         107649    
    244            402         108051    
    245            402         108453    
    246            402         108855    
    247            402         109257    
    248            532         109789    
    249            402         110191    
    250            402         110593    
    251            402         110995    
    252            790         111785    
    253            547         112332    
    254            417         112749    
    255            417         113166    
    256            417         113583    
    257            417         114000    
    258            547         114547    
    259            417         114964    
    260            417         115381    
    261            417         115798    
    262            417         116215    
    263            417         116632    
    264            547         117179    
    265            417         117596    
    266            417         118013    
    267            417         118430    
    268            417         118847    
    269            547         119394    
    270            417         119811    
    271            417         120228    
    272            417         120645    
    273            417         121062    
    274            547         121609    
    275            417         122026    
    276            417         122443    
    277            417         122860    
    278            402         123262    
    279            402         123664    
    280            532         124196    
    281            402         124598    
    282            402         125000    
    283            402         125402    
    284            402         125804    
    285            532         126336    
    286            425         126761    
    287            402         127163    
    288            402         127565    
    289            402         127967    
    290            532         128499    
    291            402         128901    
    292            402         129303    
    293            402         129705    
    294            402         130107    
    295            532         130639    
    296            402         131041    
    297            402         131443    
    298            402         131845    
    299            402         132247    
    300            402         132649    
    301            532         133181    
    302            402         133583    
    303            402         133985    
    304            402         134387    
    305            402         134789    
    306            532         135321    
    307            402         135723    
    308            402         136125    
    309            402         136527    
    310            402         136929    
    311            532         137461    
    312            402         137863    
    313            402         138265    
    314            402         138667    
    315            402         139069    
    316            402         139471    
    317            532         140003    
    318            402         140405    
    319            402         140807    
    320            402         141209    
    321            402         141611    
    322            532         142143    
    323            402         142545    
    324            402         142947    
    325            402         143349    
    326            402         143751    
    327            532         144283    
    328            402         144685    
    329            402         145087    
    330            402         145489    
    331            402         145891    
    332            532         146423    
    333            402         146825    
    334            402         147227    
    335            402         147629    
    336            402         148031    
    337            402         148433    
    338            532         148965    
    339            402         149367    
    340            402         149769    
    341            402         150171    
    342            402         150573    
    343            532         151105    
    344            402         151507    
    345            402         151909    
    346            402         152311    
    347            402         152713    
    348            532         153245    
    349            402         153647    
    350            402         154049    
    351            402         154451    
    352            402         154853    
    353            402         155255    
    354            532         155787    
    355            402         156189    
    356            402         156591    
    357            402         156993    
    358            402         157395    
    359            532         157927    
    360            402         158329    
    361            402         158731    
    362            402         159133    
    363            402         159535    
    364            532         160067    
    365            402         160469    
    366            402         160871    
    367            402         161273    
    368            402         161675    
    369            532         162207    
    370            402         162609    
    371            402         163011    
    372            402         163413    
    373            402         163815    
    374            402         164217    
    375            532         164749    
    376            402         165151    
    377            402         165553    
    378            402         165955    
    379            402         166357    
    380            532         166889    
    381            402         167291    
    382            402         167693    
    383            402         168095    
    384            402         168497    
    385            532         169029    
    386            402         169431    
    387            402         169833    
    388            402         170235    
    389            402         170637    
    390            402         171039    
    391            532         171571    
    392            402         171973    
    393            402         172375    
    394            402         172777    
    395            402         173179    
    396            532         173711    
    397            402         174113    
    398            402         174515    
    399            402         174917    
    400            402         175319    
    401            532         175851    
    402            402         176253    
    403            402         176655    
    404            402         177057    
    405            402         177459    
    406            532         177991    
    407            402         178393    
    408            402         178795    
    409            402         179197    
    410            402         179599    
    411            402         180001    
    412            532         180533    
    413            402         180935    
    414            402         181337    
    415            402         181739    
    416            402         182141    
    417            532         182673    
    418            402         183075    
    419            402         183477    
    420            402         183879    
    421            402         184281    
    422            532         184813    
    423            402         185215    
    424            402         185617    
    425            402         186019    
    426            402         186421    
    427            402         186823    
    428            532         187355    
    429            402         187757    
    430            402         188159    
    431            402         188561    
    432            402         188963    
    433            532         189495    
    434            402         189897    
    435            402         190299    
    436            402         190701    
    437            402         191103    
    438            532         191635    
    439            402         192037    
    440            402         192439    
    441            402         192841    
    442            402         193243    
    443            532         193775    
    444            402         194177    
    445            402         194579    
    446            402         194981    
    447            402         195383    
    448            402         195785    
    449            532         196317    
    450            402         196719    
    451            402         197121    
    452            402         197523    
    453            402         197925    
    454            532         198457    
    455            402         198859    
    456            402         199261    
    457            402         199663    
    458            402         200065    
    459            532         200597    
    460            402         200999    
    461            402         201401    
    462            402         201803    
    463            402         202205    
    464            402         202607    
    465            532         203139    
    466            402         203541    
    467            402         203943    
    468            402         204345    
    469            402         204747    
    470            532         205279    
    471            402         205681    
    472            402         206083    
    473            402         206485    
    474            402         206887    
    475            532         207419    
    476            402         207821    
    477            402         208223    
    478            402         208625    
    479            402         209027    
    480            532         209559    
    481            402         209961    
    482            402         210363    
    483            402         210765    
    484            402         211167    
    485            402         211569    
    486            532         212101    
    487            402         212503    
    488            402         212905    
    489            402         213307    
    490            402         213709    
    491            532         214241    
    492            421         214662    
    493            422         215084    
    494            421         215505    
    495            421         215926    
    496            532         216458    
    497            402         216860    
    498            402         217262    
    499            402         217664    
    500            402         218066    
    501            402         218468    
    502            532         219000    
    503            402         219402    
    504            402         219804    
    505            402         220206    
    506            402         220608    
    507            532         221140    
    508            402         221542    
    509            402         221944    
    510            402         222346    
    511            402         222748    
    512            532         223280    
    513            402         223682    
    514            402         224084    
    515            402         224486    
    516            402         224888    
    517            532         225420    
    518            402         225822    
    519            402         226224    
    520            402         226626    
    521            402         227028    
    522            402         227430    
    523            532         227962    
    524            402         228364    
    525            402         228766    
    526            410         229176    
    527            402         229578    
    528            532         230110    
    529            402         230512    
    530            402         230914    
    531            402         231316    
    532            402         231718    
    533            532         232250    
    534            402         232652    
    535            402         233054    
    536            556         233610    
    537            402         234012    
    538            402         234414    
    539            532         234946    
    540            402         235348    
    541            402         235750    
    542            402         236152    
    543            402         236554    
    544            532         237086    
    545            402         237488    
    546            402         237890    
    547            402         238292    
    548            402         238694    
    549            532         239226    
    550            402         239628    
    551            402         240030    
    552            402         240432    
    553            402         240834    
    554            532         241366    
    555            402         241768    
    556            402         242170    
    557            402         242572    
    558            402         242974    
    559            402         243376    
    560            532         243908    
    561            402         244310    
    562            402         244712    
    563            402         245114    
    564            402         245516    
    565            532         246048    
    566            402         246450    
    567            402         246852    
    568            402         247254    
    569            402         247656    
    570            532         248188    
    571            402         248590    
    572            402         248992    
    573            402         249394    
    574            402         249796    
    575            402         250198    
    576            532         250730    
    577            402         251132    
    578            402         251534    
    579            402         251936    
    580            402         252338    
    581            532         252870    
    582            402         253272    
    583            402         253674    
    584            402         254076    
    585            402         254478    
    586            532         255010    
    587            402         255412    
    588            402         255814    
    589            402         256216    
    590            402         256618    
    591            532         257150    
    592            402         257552    
    593            402         257954    
    594            402         258356    
    595            402         258758    
    596            402         259160    
    597            532         259692    
    598            402         260094    
    599            402         260496    
    600            402         260898    
    601            402         261300    
    602            532         261832    
    603            402         262234    
    604            402         262636    
    605            402         263038    
    606            402         263440    
    607            532         263972    
    608            402         264374    
    609            402         264776    
    610            402         265178    
    611           3833         269011    
    612            402         269413    
    613            532         269945    
    614            402         270347    
    615            402         270749    
    616            402         271151    
    617            402         271553    
    618            532         272085    
    619            402         272487    
    620            402         272889    
    621            402         273291    
    622            402         273693    
    623            532         274225    
    624            402         274627    
    625            402         275029    
    626            402         275431    
    627            402         275833    
    628            532         276365    
    629            402         276767    
    630            402         277169    
    631            402         277571    
    632            425         277996    
    633            402         278398    
    634            532         278930    
    635            850         279780    
    636            402         280182    
    637            402         280584    
    638            402         280986    
    639            532         281518    
    640            402         281920    
    641            402         282322    
    642            402         282724    
    643            402         283126    
    644            532         283658    
    645            402         284060    
    646            402         284462    
    647            402         284864    
    648            402         285266    
    649            402         285668    
    650            532         286200    
    651            402         286602    
    652            402         287004    
    653            402         287406    
    654            402         287808    
    655            532         288340    
    656            402         288742    
    657            402         289144    
    658            402         289546    
    659            402         289948    
    660            532         290480    
    661            402         290882    
    662            402         291284    
    663            402         291686    
    664            402         292088    
    665            532         292620    
    666            421         293041    
    667            421         293462    
    668            444         293906    
    669            402         294308    
    670            402         294710    
    671            532         295242    
    672            402         295644    
    673            402         296046    
    674            868         296914    
    675            402         297316    
    676            532         297848    
    677            402         298250    
    678            425         298675    
    679            402         299077    
    680            402         299479    
    681            532         300011    
    682            402         300413    
    683            402         300815    
    684            402         301217    
    685            402         301619    
    686            402         302021    
    687            532         302553    
    688            402         302955    
    689            402         303357    
    690            402         303759    
    691            402         304161    
    692            532         304693    
    693            402         305095    
    694            402         305497    
    695            402         305899    
    696            402         306301    
    697            532         306833    
    698            402         307235    
    699            402         307637    
    700            402         308039    
    701            402         308441    
    702            532         308973    
    703            402         309375    
    704            402         309777    
    705            402         310179    
    706            402         310581    
    707            402         310983    
    708            532         311515    
    709            402         311917    
    710            402         312319    
    711            402         312721    
    712            402         313123    
    713            532         313655    
    714            402         314057    
    715            402         314459    
    716            402         314861    
    717            402         315263    
    718            532         315795    
    719            402         316197    
    720            402         316599    
    721            402         317001    
    722            402         317403    
    723            532         317935    
    724            402         318337    
    725            402         318739    
    726            402         319141    
    727            402         319543    
    728            402         319945    
    729            532         320477    
    730            402         320879    
    731            402         321281    
    732            402         321683    
    733            402         322085    
    734            532         322617    
    735            402         323019    
    736            402         323421    
    737            402         323823    
    738            402         324225    
    739            532         324757    
    740            402         325159    
    741            402         325561    
    742            402         325963    
    743            402         326365    
    744            402         326767    
    745            532         327299    
    746            402         327701    
    747            402         328103    
    748            402         328505    
    749            402         328907    
    750            532         329439    
    751            402         329841    
    752            402         330243    
    753            402         330645    
    754            402         331047    
    755            532         331579    
    756            402         331981    
    757            402         332383    
    758            402         332785    
    759            402         333187    
    760            532         333719    
    761            402         334121    
    762            402         334523    
    763            402         334925    
    764            402         335327    
    765            402         335729    
    766            532         336261    
    767            402         336663    
    768            402         337065    
    769            402         337467    
    770            402         337869    
    771            532         338401    
    772            402         338803    
    773            402         339205    
    774            402         339607    
    775            402         340009    
    776            532         340541    
    777            402         340943    
    778            402         341345    
    779            402         341747    
    780            402         342149    
    781            402         342551    
    782            532         343083    
    783            402         343485    
    784            402         343887    
    785            402         344289    
    786            402         344691    
    787            532         345223    
    788            402         345625    
    789            402         346027    
    790            402         346429    
    791            402         346831    
    792            532         347363    
    793            402         347765    
    794            402         348167    
    795            402         348569    
    796            402         348971    
    797            532         349503    
    798            402         349905    
    799            402         350307    
    800            402         350709    
    801            402         351111    
    802            402         351513    
    803            532         352045    
    804            402         352447    
    805            402         352849    
    806            402         353251    
    807            402         353653    
    808            532         354185    
    809            402         354587    
    810            402         354989    
    811            402         355391    
    812            402         355793    
    813            532         356325    
    814            402         356727    
    815            402         357129    
    816            402         357531    
    817            402         357933    
    818            402         358335    
    819            532         358867    
    820            402         359269    
    821            402         359671    
    822            402         360073    
    823            402         360475    
    824            532         361007    
    825            402         361409    
    826            402         361811    
    827            402         362213    
    828            402         362615    
    829            540         363155    
    830            402         363557    
    831            402         363959    
    832            402         364361    
    833            402         364763    
    834            532         365295    
    835            402         365697    
    836            402         366099    
    837            402         366501    
    838            402         366903    
    839            402         367305    
    840            532         367837    
    841            402         368239    
    842            402         368641    
    843            402         369043    
    844            402         369445    
    845            532         369977    
    846           4660         374637    
    847            421         375058    
    848            421         375479    
    849            421         375900    
    850           4211         380111    
    851            402         380513    
    852            402         380915    
    853            402         381317    
    854            402         381719    
    855            402         382121    
    856            532         382653    
    857            402         383055    
    858            402         383457    
    859            402         383859    
    860            402         384261    
    861            532         384793    
    862            421         385214    
    863            421         385635    
    864            421         386056    
    865            421         386477    
    866            551         387028    
    867            402         387430    
    868            402         387832    
    869            402         388234    
    870            402         388636    
    871            532         389168    
    872            402         389570    
    873            402         389972    
    874            402         390374    
    875            402         390776    
    876            402         391178    
    877           4410         395588    
    878            421         396009    
    879            421         396430    
    880            421         396851    
    881            421         397272    
    882            552         397824    
    883            402         398226    
    884            402         398628    
    885            402         399030    
    886            402         399432    
    887            532         399964    
    888            402         400366    
    889            402         400768    
    890            402         401170    
    891            402         401572    
    892            402         401974    
    893            532         402506    
    894            402         402908    
    895            402         403310    
    896            402         403712    
    897            402         404114    
    898            532         404646    
    899            402         405048    
    900            402         405450    
    901            402         405852    
    902            402         406254    
    903            532         406786    
    904            402         407188    
    905            402         407590    
    906            402         407992    
    907            402         408394    
    908            532         408926    
    909            478         409404    
    910            402         409806    
    911            402         410208    
    912            402         410610    
    913            402         411012    
    914            532         411544    
    915            402         411946    
    916            402         412348    
    917            402         412750    
    918            402         413152    
    919            532         413684    
    920            402         414086    
    921            402         414488    
    922            402         414890    
    923            402         415292    
    924            532         415824    
    925            402         416226    
    926            402         416628    
    927            402         417030    
    928            402         417432    
    929            402         417834    
    930            532         418366    
    931            402         418768    
    932            402         419170    
    933            402         419572    
    934            402         419974    
    935            532         420506    
    936            402         420908    
    937            402         421310    
    938            402         421712    
    939            402         422114    
    940            532         422646    
    941            402         423048    
    942            402         423450    
    943            402         423852    
    944            402         424254    
    945            532         424786    
    946            402         425188    
    947            402         425590    
    948            402         425992    
    949            402         426394    
    950            402         426796    
    951            532         427328    
    952            402         427730    
    953            402         428132    
    954            402         428534    
    955            402         428936    
    956            532         429468    
    957            402         429870    
    958            402         430272    
    959            402         430674    
    960            402         431076    
    961            532         431608    
    962            402         432010    
    963            402         432412    
    964            402         432814    
    965            402         433216    
    966            402         433618    
    967            532         434150    
    968            402         434552    
    969            402         434954    
    970            402         435356    
    971            402         435758    
    972            532         436290    
    973            402         436692    
    974            402         437094    
    975            402         437496    
    976            402         437898    
    977            532         438430    
    978            402         438832    
    979            402         439234    
    980            402         439636    
    981            402         440038    
    982            532         440570    
    983            402         440972    
    984            402         441374    
    985            402         441776    
    986            402         442178    
    987            402         442580    
    988            532         443112    
    989            402         443514    
    990            402         443916    
    991            402         444318    
    992            402         444720    
    993            532         445252    
    994            402         445654    
    995            402         446056    
    996            402         446458    
    997            402         446860    
    998            532         447392    
    999            402         447794    
   1000            402         448196    
   1001            402         448598    
   1002            402         449000    
   1003            402         449402    
   1004            532         449934    
   1005            402         450336    
   1006            402         450738    
   1007            402         451140    
   1008            402         451542    
   1009            540         452082    
   1010            402         452484    
   1011            402         452886    
   1012            402         453288    
   1013            402         453690    
   1014            532         454222    
   1015            402         454624    
   1016           2255         456879    
   1017            402         457281    
   1018            486         457767    
   1019            551         458318    
   1020            421         458739    
   1021            421         459160    
   1022            421         459581    
   1023            402         459983    
   1024            402         460385    
   1025            532         460917    
   1026            402         461319    
   1027            402         461721    
   1028            402         462123    
   1029            402         462525    
   1030            532         463057    
   1031            402         463459    
   1032            402         463861    
   1033            402         464263    
   1034            402         464665    
   1035            532         465197    
   1036            402         465599    
   1037            402         466001    
   1038            402         466403    
   1039            402         466805    
   1040            402         467207    
   1041            532         467739    
   1042            402         468141    
   1043            402         468543    
   1044            402         468945    
   1045            402         469347    
   1046            532         469879    
   1047            402         470281    
   1048            402         470683    
   1049            402         471085    
   1050            402         471487    
   1051            532         472019    
   1052            402         472421    
   1053            402         472823    
   1054            402         473225    
   1055            402         473627    
   1056            532         474159    
   1057            402         474561    
   1058            402         474963    
   1059            402         475365    
   1060            402         475767    
   1061            402         476169    
   1062            532         476701    
   1063            402         477103    
   1064            402         477505    
   1065            402         477907    
   1066            402         478309    
   1067            532         478841    
   1068            402         479243    
   1069            402         479645    
   1070            402         480047    
   1071            402         480449    
   1072            555         481004    
   1073            402         481406    
   1074            402         481808    
   1075            402         482210    
   1076            402         482612    
   1077            402         483014    
   1078            532         483546    
   1079            402         483948    
   1080            402         484350    
   1081            402         484752    
   1082            402         485154    
   1083            532         485686    
   1084            402         486088    
   1085            402         486490    
   1086            402         486892    
   1087            402         487294    
   1088            532         487826    
   1089            402         488228    
   1090            402         488630    
   1091            402         489032    
   1092            402         489434    
   1093            532         489966    
   1094            402         490368    
   1095            402         490770    
   1096            402         491172    
   1097            402         491574    
   1098            433         492007    
   1099            532         492539    
   1100            402         492941    
   1101            402         493343    
   1102            402         493745    
   1103            402         494147    
   1104            532         494679    
   1105            402         495081    
   1106            402         495483    
   1107            402         495885    
   1108            402         496287    
   1109            532         496819    
   1110            402         497221    
   1111            402         497623    
   1112            402         498025    
   1113            402         498427    
   1114            402         498829    
   1115            532         499361    
   1116            402         499763    
   1117            402         500165    
   1118            402         500567    
   1119            402         500969    
   1120            532         501501    
   1121            402         501903    
   1122            421         502324    
   1123            421         502745    
   1124            913         503658    
   1125            532         504190    
   1126            402         504592    
   1127            402         504994    
   1128            402         505396    
   1129            402         505798    
   1130            532         506330    
   1131            402         506732    
   1132            402         507134    
   1133            402         507536    
   1134            402         507938    
   1135            402         508340    
   1136            532         508872    
   1137            402         509274    
   1138            402         509676    
   1139            402         510078    
   1140            402         510480    
   1141            532         511012    
   1142            402         511414    
   1143            402         511816    
   1144            402         512218    
   1145            402         512620    
   1146            532         513152    
   1147            402         513554    
   1148            402         513956    
   1149            516         514472    
   1150            421         514893    
   1151            421         515314    
   1152            550         515864    
   1153            402         516266    
   1154            402         516668    
   1155            402         517070    
   1156            402         517472    
   1157            532         518004    
   1158            402         518406    
   1159            402         518808    
   1160            402         519210    
   1161            402         519612    
   1162            532         520144    
   1163            402         520546    
   1164            402         520948    
   1165            402         521350    
   1166            402         521752    
   1167            532         522284    
   1168            402         522686    
   1169            402         523088    
   1170            402         523490    
   1171            402         523892    
   1172            402         524294    
   1173            532         524826    
   1174            402         525228    
   1175            402         525630    
   1176            402         526032    
   1177            402         526434    
   1178            532         526966    
   1179            402         527368    
   1180            402         527770    
   1181            402         528172    
   1182            402         528574    
   1183            532         529106    
   1184            402         529508    
   1185            402         529910    
   1186            402         530312    
   1187            402         530714    
   1188            402         531116    
   1189            532         531648    
   1190            402         532050    
   1191            402         532452    
   1192            402         532854    
   1193            402         533256    
   1194            532         533788    
   1195            402         534190    
   1196            402         534592    
   1197            402         534994    
   1198            402         535396    
   1199            532         535928    
   1200            402         536330    
   1201            402         536732    
   1202            402         537134    
   1203            402         537536    
   1204            532         538068    
   1205            402         538470    
   1206            402         538872    
   1207            402         539274    
   1208            402         539676    
   1209            402         540078    
   1210            532         540610    
   1211            402         541012    
   1212            402         541414    
   1213            402         541816    
   1214            402         542218    
   1215            532         542750    
   1216            402         543152    
   1217            402         543554    
   1218            402         543956    
   1219            402         544358    
   1220            532         544890    
   1221            402         545292    
   1222            402         545694    
   1223            402         546096    
   1224            402         546498    
   1225            402         546900    
   1226            532         547432    
   1227            402         547834    
   1228            402         548236    
   1229            402         548638    
   1230            410         549048    

Scene                        Shape Bytes    Text Bytes    ActionScript Bytes
-------------------------    -----------    ----------    ------------------
Load                                 178           365                   115
Main                                 203           448                   195

Symbol                       Shape Bytes    Text Bytes    ActionScript Bytes
-------------------------    -----------    ----------    ------------------
highlight                             37             0                     2
Left Click                           478             0                     0
Right Click                          621             0                     0
Small Mouse                          880             0                     0
Back Button                            0             0                     0
Next Button                            0             0                     0
Arrow Shadow                          46             0                     0
Arrow                                 45             0                     0
bubble                                88             0                     0
but back                               0             0                     0
Close Button                           0             0                     0
Start                                 42           129                     0
Start Button Movie                    48             0                     2
Loading Movie                          0            45                     0
Loading Arrow                          0             0                     0
Tween 3                                0            39                     0
DL Logo 2                              0             0                     0
PCC Logo Clean                         0             0                     0
Play                                   0             0                     0
Play Mov                               0            36                     2
Pause Button                           0             0                     0
Pause Mov                              0            38                     2

Tweened Shapes: 138 bytes

Font Name                 Bytes        Characters    
----------------------    ---------    --------------
_sans Bold                       21    
_sans                            21    
Verdana                         492    AELPSUY
Arial Bold Italic               691     AEGILNORST
Arial                          1735     ,.BPabdeghilnoprstuwy
Arial Bold                       21    

ActionScript Bytes    Location
------------------    --------
                15    Load:Layer 10:1
                10    Load:Layer 10:6
                15    Load:Layer 10:7
                 9    Load:Layer 10:16
                15    Load:Layer 10:17
                 9    Load:Layer 10:26
                16    Load:Layer 10:27
                 9    Load:Layer 10:38
                 2    Load:Layer 10:50
                 2    Start Button Movie:Layer 3:3
                15    Load:Layer 4:50:No instance name assigned(Start)
                 2    Play Mov:Actions:12
                 6    Main:Pause Play Buttons:1:No instance name assigned(Play)
                 2    Pause Mov:Actions:12
                 6    Main:Pause Play Buttons:1:No instance name assigned(Pause Button)
                24    Main:Buttons:1:No instance name assigned(Next Button)
                 2    Main:Actions:116
                14    Main:Buttons:126:No instance name assigned(Next Button)
                15    Main:Buttons:126:No instance name assigned(Back Button)
                 2    highlight:Layer 1:25
                 2    Main:Actions:476
                17    Main:Buttons:486:No instance name assigned(Next Button)
                24    Main:Buttons:486:No instance name assigned(Back Button)
                 2    Main:Actions:779
                15    Main:Buttons:796:No instance name assigned(Next Button)
                14    Main:Buttons:796:No instance name assigned(Back Button)
                 2    Main:Actions:959
                17    Main:Buttons:966:No instance name assigned(Back Button)
                33    Main:Buttons:966:No instance name assigned(Close Button)
                 2    Main:Actions:1180

Bitmap                     Compressed    Compression
-----------------------    ----------  --------  -----------
play_off                         474        1512   Lossless
play_on                          459        1512   Lossless
pause_off                        265        1176   Lossless
pause_on                         263        1176   Lossless
next_off                         766        6384   Lossless
next_on                          801        6384   Lossless
cutpaste                         943        5600   Lossless
newdoc                          3830      103040   Lossless
sentence                        1954      119000   Lossless
back_off                         778        6384   Lossless
back_on                          803        6384   Lossless
smmouse                         3163       55800   JPEG Quality=80
fltclick                        2724       55800   JPEG Quality=80
frtclick                        2765       55800   JPEG Quality=80
menu                             377        5280   Lossless
copy                             399        5280   Lossless
olddoc                          3755      103040   Lossless
filenew                         3592      103040   Lossless
bladoc                          3810      103040   Lossless
close_off.gif                    749        6384   Lossless
close_on.gif                     807        6384   Lossless
paste                            403        5280   Lossless




