cutpaste.swf Movie Report
--------------------------
Frame #    Frame Bytes    Total Bytes    Scene
-------    -----------    -----------    ----------------
      1           3576           3576    Load (AS 2.0 Classes Export Frame)
      2              2           3578    
      3              2           3580    
      4              2           3582    
      5              2           3584    
      6             18           3602    
      7             88           3690    
      8              2           3692    
      9              2           3694    
     10              2           3696    
     11              2           3698    
     12              2           3700    
     13              2           3702    
     14              2           3704    
     15              2           3706    
     16             17           3723    
     17             39           3762    
     18              2           3764    
     19              2           3766    
     20              2           3768    
     21              2           3770    
     22              2           3772    
     23              2           3774    
     24              2           3776    
     25              2           3778    
     26             17           3795    
     27             87           3882    
     28              2           3884    
     29              2           3886    
     30              2           3888    
     31              2           3890    
     32              2           3892    
     33              2           3894    
     34              2           3896    
     35              2           3898    
     36              2           3900    
     37              2           3902    
     38             17           3919    
     39             74           3993    
     40              2           3995    
     41              2           3997    
     42              2           3999    
     43              2           4001    
     44              2           4003    
     45              2           4005    
     46              2           4007    
     47              2           4009    
     48              2           4011    
     49              2           4013    
     50            475           4488    
     51          11999          16487    Main
     52             12          16499    
     53            402          16901    
     54            402          17303    
     55            402          17705    
     56            402          18107    
     57            402          18509    
     58            532          19041    
     59            402          19443    
     60            402          19845    
     61            402          20247    
     62            402          20649    
     63            532          21181    
     64            402          21583    
     65            402          21985    
     66            402          22387    
     67            402          22789    
     68            532          23321    
     69            402          23723    
     70            402          24125    
     71            402          24527    
     72            402          24929    
     73            402          25331    
     74            532          25863    
     75            402          26265    
     76            402          26667    
     77            402          27069    
     78            402          27471    
     79            532          28003    
     80            402          28405    
     81            402          28807    
     82            402          29209    
     83            402          29611    
     84            532          30143    
     85            402          30545    
     86            402          30947    
     87            402          31349    
     88            402          31751    
     89            532          32283    
     90            402          32685    
     91            402          33087    
     92            402          33489    
     93            402          33891    
     94            402          34293    
     95            532          34825    
     96            402          35227    
     97            402          35629    
     98            402          36031    
     99            402          36433    
    100            532          36965    
    101            402          37367    
    102            402          37769    
    103            402          38171    
    104            402          38573    
    105            532          39105    
    106            402          39507    
    107            402          39909    
    108            402          40311    
    109            402          40713    
    110            402          41115    
    111            532          41647    
    112            402          42049    
    113            402          42451    
    114            402          42853    
    115            402          43255    
    116            532          43787    
    117            402          44189    
    118            402          44591    
    119            402          44993    
    120            402          45395    
    121            532          45927    
    122            402          46329    
    123            402          46731    
    124            402          47133    
    125            402          47535    
    126            532          48067    
    127            402          48469    
    128            402          48871    
    129            402          49273    
    130            402          49675    
    131            402          50077    
    132            532          50609    
    133            402          51011    
    134            402          51413    
    135            402          51815    
    136            402          52217    
    137            532          52749    
    138            402          53151    
    139            402          53553    
    140            402          53955    
    141            402          54357    
    142            532          54889    
    143            402          55291    
    144            402          55693    
    145            402          56095    
    146            402          56497    
    147            532          57029    
    148            402          57431    
    149            402          57833    
    150            402          58235    
    151            402          58637    
    152            402          59039    
    153            532          59571    
    154            402          59973    
    155            402          60375    
    156            402          60777    
    157            402          61179    
    158            532          61711    
    159            402          62113    
    160            402          62515    
    161            402          62917    
    162            402          63319    
    163            532          63851    
    164            402          64253    
    165            402          64655    
    166            410          65065    
    167            402          65467    
    168            402          65869    
    169            532          66401    
    170            402          66803    
    171            402          67205    
    172            402          67607    
    173            402          68009    
    174            532          68541    
    175            402          68943    
    176           6583          75526    
    177            402          75928    
    178            402          76330    
    179            532          76862    
    180            402          77264    
    181            402          77666    
    182            402          78068    
    183            402          78470    
    184            532          79002    
    185            402          79404    
    186            402          79806    
    187            402          80208    
    188            402          80610    
    189            402          81012    
    190            532          81544    
    191            402          81946    
    192            402          82348    
    193            402          82750    
    194            402          83152    
    195            532          83684    
    196            402          84086    
    197            402          84488    
    198            402          84890    
    199            402          85292    
    200            532          85824    
    201            402          86226    
    202            402          86628    
    203            402          87030    
    204            402          87432    
    205            402          87834    
    206            532          88366    
    207            402          88768    
    208            402          89170    
    209            402          89572    
    210            402          89974    
    211            532          90506    
    212            402          90908    
    213            402          91310    
    214            402          91712    
    215            402          92114    
    216            532          92646    
    217            402          93048    
    218            402          93450    
    219            402          93852    
    220            402          94254    
    221            532          94786    
    222            402          95188    
    223            402          95590    
    224            402          95992    
    225            402          96394    
    226            567          96961    
    227            552          97513    
    228            421          97934    
    229            421          98355    
    230            421          98776    
    231           3653         102429    
    232            532         102961    
    233            402         103363    
    234            402         103765    
    235            402         104167    
    236            402         104569    
    237            532         105101    
    238            402         105503    
    239            402         105905    
    240            402         106307    
    241            402         106709    
    242            402         107111    
    243            532         107643    
    244            402         108045    
    245            402         108447    
    246            402         108849    
    247            402         109251    
    248            532         109783    
    249            402         110185    
    250            402         110587    
    251            402         110989    
    252            790         111779    
    253            547         112326    
    254            417         112743    
    255            417         113160    
    256            417         113577    
    257            417         113994    
    258            547         114541    
    259            417         114958    
    260            417         115375    
    261            417         115792    
    262            417         116209    
    263            417         116626    
    264            547         117173    
    265            417         117590    
    266            417         118007    
    267            417         118424    
    268            417         118841    
    269            547         119388    
    270            417         119805    
    271            417         120222    
    272            417         120639    
    273            417         121056    
    274            547         121603    
    275            417         122020    
    276            417         122437    
    277            417         122854    
    278            402         123256    
    279            402         123658    
    280            532         124190    
    281            402         124592    
    282            402         124994    
    283            402         125396    
    284            402         125798    
    285            532         126330    
    286            425         126755    
    287            402         127157    
    288            402         127559    
    289            402         127961    
    290            532         128493    
    291            402         128895    
    292            402         129297    
    293            402         129699    
    294            402         130101    
    295            532         130633    
    296            402         131035    
    297            402         131437    
    298            402         131839    
    299            402         132241    
    300            402         132643    
    301            532         133175    
    302            402         133577    
    303            402         133979    
    304            402         134381    
    305            402         134783    
    306            532         135315    
    307            402         135717    
    308            402         136119    
    309            402         136521    
    310            402         136923    
    311            532         137455    
    312            402         137857    
    313            402         138259    
    314            402         138661    
    315            402         139063    
    316            402         139465    
    317            532         139997    
    318            402         140399    
    319            402         140801    
    320            402         141203    
    321            402         141605    
    322            532         142137    
    323            402         142539    
    324            402         142941    
    325            402         143343    
    326            402         143745    
    327            532         144277    
    328            402         144679    
    329            402         145081    
    330            402         145483    
    331            402         145885    
    332            532         146417    
    333            402         146819    
    334            402         147221    
    335            402         147623    
    336            402         148025    
    337            402         148427    
    338            532         148959    
    339            402         149361    
    340            402         149763    
    341            402         150165    
    342            402         150567    
    343            532         151099    
    344            402         151501    
    345            402         151903    
    346            402         152305    
    347            402         152707    
    348            532         153239    
    349            402         153641    
    350            402         154043    
    351            402         154445    
    352            402         154847    
    353            402         155249    
    354            532         155781    
    355            402         156183    
    356            402         156585    
    357            402         156987    
    358            402         157389    
    359            532         157921    
    360            402         158323    
    361            402         158725    
    362            402         159127    
    363            402         159529    
    364            532         160061    
    365            402         160463    
    366            402         160865    
    367            402         161267    
    368            402         161669    
    369            532         162201    
    370            402         162603    
    371            402         163005    
    372            402         163407    
    373            402         163809    
    374            402         164211    
    375            532         164743    
    376            402         165145    
    377            402         165547    
    378            402         165949    
    379            402         166351    
    380            532         166883    
    381            402         167285    
    382            402         167687    
    383            402         168089    
    384            402         168491    
    385            532         169023    
    386            402         169425    
    387            402         169827    
    388            402         170229    
    389            402         170631    
    390            402         171033    
    391            532         171565    
    392            402         171967    
    393            402         172369    
    394            402         172771    
    395            402         173173    
    396            532         173705    
    397            402         174107    
    398            402         174509    
    399            402         174911    
    400            402         175313    
    401            532         175845    
    402            402         176247    
    403            402         176649    
    404            402         177051    
    405            402         177453    
    406            532         177985    
    407            402         178387    
    408            402         178789    
    409            402         179191    
    410            402         179593    
    411            402         179995    
    412            532         180527    
    413            402         180929    
    414            402         181331    
    415            402         181733    
    416            402         182135    
    417            532         182667    
    418            402         183069    
    419            402         183471    
    420            402         183873    
    421            402         184275    
    422            532         184807    
    423            402         185209    
    424            402         185611    
    425            402         186013    
    426            402         186415    
    427            402         186817    
    428            532         187349    
    429            402         187751    
    430            402         188153    
    431            402         188555    
    432            402         188957    
    433            532         189489    
    434            402         189891    
    435            402         190293    
    436            402         190695    
    437            402         191097    
    438            532         191629    
    439            402         192031    
    440            402         192433    
    441            402         192835    
    442            402         193237    
    443            532         193769    
    444            402         194171    
    445            402         194573    
    446            402         194975    
    447            402         195377    
    448            402         195779    
    449            532         196311    
    450            402         196713    
    451            402         197115    
    452            402         197517    
    453            402         197919    
    454            532         198451    
    455            402         198853    
    456            402         199255    
    457            402         199657    
    458            402         200059    
    459            532         200591    
    460            402         200993    
    461            402         201395    
    462            402         201797    
    463            402         202199    
    464            402         202601    
    465            532         203133    
    466            402         203535    
    467            402         203937    
    468            402         204339    
    469            402         204741    
    470            532         205273    
    471            402         205675    
    472            402         206077    
    473            402         206479    
    474            402         206881    
    475            532         207413    
    476            402         207815    
    477            402         208217    
    478            402         208619    
    479            402         209021    
    480            532         209553    
    481            402         209955    
    482            402         210357    
    483            402         210759    
    484            402         211161    
    485            402         211563    
    486            532         212095    
    487            402         212497    
    488            402         212899    
    489            402         213301    
    490            402         213703    
    491            532         214235    
    492            421         214656    
    493            422         215078    
    494            421         215499    
    495            421         215920    
    496            532         216452    
    497            402         216854    
    498            402         217256    
    499            402         217658    
    500            402         218060    
    501            402         218462    
    502            532         218994    
    503            402         219396    
    504            402         219798    
    505            402         220200    
    506            402         220602    
    507            532         221134    
    508            402         221536    
    509            402         221938    
    510            402         222340    
    511            402         222742    
    512            532         223274    
    513            402         223676    
    514            402         224078    
    515            402         224480    
    516            402         224882    
    517            532         225414    
    518            402         225816    
    519            402         226218    
    520            402         226620    
    521            402         227022    
    522            402         227424    
    523            532         227956    
    524            402         228358    
    525            402         228760    
    526            410         229170    
    527            402         229572    
    528            532         230104    
    529            402         230506    
    530            402         230908    
    531            402         231310    
    532            402         231712    
    533            532         232244    
    534            402         232646    
    535            402         233048    
    536            556         233604    
    537            402         234006    
    538            402         234408    
    539            532         234940    
    540            402         235342    
    541            402         235744    
    542            402         236146    
    543            402         236548    
    544            532         237080    
    545            402         237482    
    546            402         237884    
    547            402         238286    
    548            402         238688    
    549            532         239220    
    550            402         239622    
    551            402         240024    
    552            402         240426    
    553            402         240828    
    554            532         241360    
    555            402         241762    
    556            402         242164    
    557            402         242566    
    558            402         242968    
    559            402         243370    
    560            532         243902    
    561            402         244304    
    562            402         244706    
    563            402         245108    
    564            402         245510    
    565            532         246042    
    566            402         246444    
    567            402         246846    
    568            402         247248    
    569            402         247650    
    570            532         248182    
    571            402         248584    
    572            402         248986    
    573            402         249388    
    574            402         249790    
    575            402         250192    
    576            532         250724    
    577            402         251126    
    578            402         251528    
    579            402         251930    
    580            402         252332    
    581            532         252864    
    582            402         253266    
    583            402         253668    
    584            402         254070    
    585            402         254472    
    586            532         255004    
    587            402         255406    
    588            402         255808    
    589            402         256210    
    590            402         256612    
    591            532         257144    
    592            402         257546    
    593            402         257948    
    594            402         258350    
    595            402         258752    
    596            402         259154    
    597            532         259686    
    598            402         260088    
    599            402         260490    
    600            402         260892    
    601            402         261294    
    602            532         261826    
    603            402         262228    
    604            402         262630    
    605            402         263032    
    606            402         263434    
    607            532         263966    
    608            402         264368    
    609            402         264770    
    610            402         265172    
    611           3833         269005    
    612            402         269407    
    613            532         269939    
    614            402         270341    
    615            402         270743    
    616            402         271145    
    617            402         271547    
    618            532         272079    
    619            402         272481    
    620            402         272883    
    621            402         273285    
    622            402         273687    
    623            532         274219    
    624            402         274621    
    625            402         275023    
    626            402         275425    
    627            402         275827    
    628            532         276359    
    629            402         276761    
    630            402         277163    
    631            402         277565    
    632            425         277990    
    633            402         278392    
    634            532         278924    
    635            850         279774    
    636            402         280176    
    637            402         280578    
    638            402         280980    
    639            532         281512    
    640            402         281914    
    641            402         282316    
    642            402         282718    
    643            402         283120    
    644            532         283652    
    645            402         284054    
    646            402         284456    
    647            402         284858    
    648            402         285260    
    649            402         285662    
    650            532         286194    
    651            402         286596    
    652            402         286998    
    653            402         287400    
    654            402         287802    
    655            532         288334    
    656            402         288736    
    657            402         289138    
    658            402         289540    
    659            402         289942    
    660            532         290474    
    661            402         290876    
    662            402         291278    
    663            402         291680    
    664            402         292082    
    665            532         292614    
    666            421         293035    
    667            421         293456    
    668            444         293900    
    669            402         294302    
    670            402         294704    
    671            532         295236    
    672            402         295638    
    673            402         296040    
    674            868         296908    
    675            402         297310    
    676            532         297842    
    677            402         298244    
    678            425         298669    
    679            402         299071    
    680            402         299473    
    681            532         300005    
    682            402         300407    
    683            402         300809    
    684            402         301211    
    685            402         301613    
    686            402         302015    
    687            532         302547    
    688            402         302949    
    689            402         303351    
    690            402         303753    
    691            402         304155    
    692            532         304687    
    693            402         305089    
    694            402         305491    
    695            402         305893    
    696            402         306295    
    697            532         306827    
    698            402         307229    
    699            402         307631    
    700            402         308033    
    701            402         308435    
    702            532         308967    
    703            402         309369    
    704            402         309771    
    705            402         310173    
    706            402         310575    
    707            402         310977    
    708            532         311509    
    709            402         311911    
    710            402         312313    
    711            402         312715    
    712            402         313117    
    713            532         313649    
    714            402         314051    
    715            402         314453    
    716            402         314855    
    717            402         315257    
    718            532         315789    
    719            402         316191    
    720            402         316593    
    721            402         316995    
    722            402         317397    
    723            532         317929    
    724            402         318331    
    725            402         318733    
    726            402         319135    
    727            402         319537    
    728            402         319939    
    729            532         320471    
    730            402         320873    
    731            402         321275    
    732            402         321677    
    733            402         322079    
    734            532         322611    
    735            402         323013    
    736            402         323415    
    737            402         323817    
    738            402         324219    
    739            532         324751    
    740            402         325153    
    741            402         325555    
    742            402         325957    
    743            402         326359    
    744            402         326761    
    745            532         327293    
    746            402         327695    
    747            402         328097    
    748            402         328499    
    749            402         328901    
    750            532         329433    
    751            402         329835    
    752            402         330237    
    753            402         330639    
    754            402         331041    
    755            532         331573    
    756            402         331975    
    757            402         332377    
    758            402         332779    
    759            402         333181    
    760            532         333713    
    761            402         334115    
    762            402         334517    
    763            402         334919    
    764            402         335321    
    765            402         335723    
    766            532         336255    
    767            402         336657    
    768            402         337059    
    769            402         337461    
    770            402         337863    
    771            532         338395    
    772            402         338797    
    773            402         339199    
    774            402         339601    
    775            402         340003    
    776            532         340535    
    777            402         340937    
    778            402         341339    
    779            402         341741    
    780            402         342143    
    781            402         342545    
    782            532         343077    
    783            402         343479    
    784            402         343881    
    785            402         344283    
    786            402         344685    
    787            532         345217    
    788            402         345619    
    789            402         346021    
    790            402         346423    
    791            402         346825    
    792            532         347357    
    793            402         347759    
    794            402         348161    
    795            402         348563    
    796            402         348965    
    797            532         349497    
    798            402         349899    
    799            402         350301    
    800            402         350703    
    801            402         351105    
    802            402         351507    
    803            532         352039    
    804            402         352441    
    805            402         352843    
    806            402         353245    
    807            402         353647    
    808            532         354179    
    809            402         354581    
    810            402         354983    
    811            402         355385    
    812            402         355787    
    813            532         356319    
    814            402         356721    
    815            402         357123    
    816            402         357525    
    817            402         357927    
    818            402         358329    
    819            532         358861    
    820            402         359263    
    821            402         359665    
    822            402         360067    
    823            402         360469    
    824            532         361001    
    825            402         361403    
    826            402         361805    
    827            402         362207    
    828            402         362609    
    829            540         363149    
    830            402         363551    
    831            402         363953    
    832            402         364355    
    833            402         364757    
    834            532         365289    
    835            402         365691    
    836            402         366093    
    837            402         366495    
    838            402         366897    
    839            402         367299    
    840            532         367831    
    841            402         368233    
    842            402         368635    
    843            402         369037    
    844            402         369439    
    845            532         369971    
    846           4660         374631    
    847            421         375052    
    848            421         375473    
    849            421         375894    
    850           4211         380105    
    851            402         380507    
    852            402         380909    
    853            402         381311    
    854            402         381713    
    855            402         382115    
    856            532         382647    
    857            402         383049    
    858            402         383451    
    859            402         383853    
    860            402         384255    
    861            532         384787    
    862            421         385208    
    863            421         385629    
    864            421         386050    
    865            421         386471    
    866            551         387022    
    867            402         387424    
    868            402         387826    
    869            402         388228    
    870            402         388630    
    871            532         389162    
    872            402         389564    
    873            402         389966    
    874            402         390368    
    875            402         390770    
    876            402         391172    
    877           4410         395582    
    878            421         396003    
    879            421         396424    
    880            421         396845    
    881            421         397266    
    882            552         397818    
    883            402         398220    
    884            402         398622    
    885            402         399024    
    886            402         399426    
    887            532         399958    
    888            402         400360    
    889            402         400762    
    890            402         401164    
    891            402         401566    
    892            402         401968    
    893            532         402500    
    894            402         402902    
    895            402         403304    
    896            402         403706    
    897            402         404108    
    898            532         404640    
    899            402         405042    
    900            402         405444    
    901            402         405846    
    902            402         406248    
    903            532         406780    
    904            402         407182    
    905            402         407584    
    906            402         407986    
    907            402         408388    
    908            532         408920    
    909            478         409398    
    910            402         409800    
    911            402         410202    
    912            402         410604    
    913            402         411006    
    914            532         411538    
    915            402         411940    
    916            402         412342    
    917            402         412744    
    918            402         413146    
    919            532         413678    
    920            402         414080    
    921            402         414482    
    922            402         414884    
    923            402         415286    
    924            532         415818    
    925            402         416220    
    926            402         416622    
    927            402         417024    
    928            402         417426    
    929            402         417828    
    930            532         418360    
    931            402         418762    
    932            402         419164    
    933            402         419566    
    934            402         419968    
    935            532         420500    
    936            402         420902    
    937            402         421304    
    938            402         421706    
    939            402         422108    
    940            532         422640    
    941            402         423042    
    942            402         423444    
    943            402         423846    
    944            402         424248    
    945            532         424780    
    946            402         425182    
    947            402         425584    
    948            402         425986    
    949            402         426388    
    950            402         426790    
    951            532         427322    
    952            402         427724    
    953            402         428126    
    954            402         428528    
    955            402         428930    
    956            532         429462    
    957            402         429864    
    958            402         430266    
    959            402         430668    
    960            402         431070    
    961            532         431602    
    962            402         432004    
    963            402         432406    
    964            402         432808    
    965            402         433210    
    966            402         433612    
    967            532         434144    
    968            402         434546    
    969            402         434948    
    970            402         435350    
    971            402         435752    
    972            532         436284    
    973            402         436686    
    974            402         437088    
    975            402         437490    
    976            402         437892    
    977            532         438424    
    978            402         438826    
    979            402         439228    
    980            402         439630    
    981            402         440032    
    982            532         440564    
    983            402         440966    
    984            402         441368    
    985            402         441770    
    986            402         442172    
    987            402         442574    
    988            532         443106    
    989            402         443508    
    990            402         443910    
    991            402         444312    
    992            402         444714    
    993            532         445246    
    994            402         445648    
    995            402         446050    
    996            402         446452    
    997            402         446854    
    998            532         447386    
    999            402         447788    
   1000            402         448190    
   1001            402         448592    
   1002            402         448994    
   1003            402         449396    
   1004            532         449928    
   1005            402         450330    
   1006            402         450732    
   1007            402         451134    
   1008            402         451536    
   1009            540         452076    
   1010            402         452478    
   1011            402         452880    
   1012            402         453282    
   1013            402         453684    
   1014            532         454216    
   1015            402         454618    
   1016           2255         456873    
   1017            402         457275    
   1018            486         457761    
   1019            551         458312    
   1020            421         458733    
   1021            421         459154    
   1022            421         459575    
   1023            402         459977    
   1024            402         460379    
   1025            532         460911    
   1026            402         461313    
   1027            402         461715    
   1028            402         462117    
   1029            402         462519    
   1030            532         463051    
   1031            402         463453    
   1032            402         463855    
   1033            402         464257    
   1034            402         464659    
   1035            532         465191    
   1036            402         465593    
   1037            402         465995    
   1038            402         466397    
   1039            402         466799    
   1040            402         467201    
   1041            532         467733    
   1042            402         468135    
   1043            402         468537    
   1044            402         468939    
   1045            402         469341    
   1046            532         469873    
   1047            402         470275    
   1048            402         470677    
   1049            402         471079    
   1050            402         471481    
   1051            532         472013    
   1052            402         472415    
   1053            402         472817    
   1054            402         473219    
   1055            402         473621    
   1056            532         474153    
   1057            402         474555    
   1058            402         474957    
   1059            402         475359    
   1060            402         475761    
   1061            402         476163    
   1062            532         476695    
   1063            402         477097    
   1064            402         477499    
   1065            402         477901    
   1066            402         478303    
   1067            532         478835    
   1068            402         479237    
   1069            402         479639    
   1070            402         480041    
   1071            402         480443    
   1072            555         480998    
   1073            402         481400    
   1074            402         481802    
   1075            402         482204    
   1076            402         482606    
   1077            402         483008    
   1078            532         483540    
   1079            402         483942    
   1080            402         484344    
   1081            402         484746    
   1082            402         485148    
   1083            532         485680    
   1084            402         486082    
   1085            402         486484    
   1086            402         486886    
   1087            402         487288    
   1088            532         487820    
   1089            402         488222    
   1090            402         488624    
   1091            402         489026    
   1092            402         489428    
   1093            532         489960    
   1094            402         490362    
   1095            402         490764    
   1096            402         491166    
   1097            402         491568    
   1098            433         492001    
   1099            532         492533    
   1100            402         492935    
   1101            402         493337    
   1102            402         493739    
   1103            402         494141    
   1104            532         494673    
   1105            402         495075    
   1106            402         495477    
   1107            402         495879    
   1108            402         496281    
   1109            532         496813    
   1110            402         497215    
   1111            402         497617    
   1112            402         498019    
   1113            402         498421    
   1114            402         498823    
   1115            532         499355    
   1116            402         499757    
   1117            402         500159    
   1118            402         500561    
   1119            402         500963    
   1120            532         501495    
   1121            402         501897    
   1122            421         502318    
   1123            421         502739    
   1124            913         503652    
   1125            532         504184    
   1126            402         504586    
   1127            402         504988    
   1128            402         505390    
   1129            402         505792    
   1130            532         506324    
   1131            402         506726    
   1132            402         507128    
   1133            402         507530    
   1134            402         507932    
   1135            402         508334    
   1136            532         508866    
   1137            402         509268    
   1138            402         509670    
   1139            402         510072    
   1140            402         510474    
   1141            532         511006    
   1142            402         511408    
   1143            402         511810    
   1144            402         512212    
   1145            402         512614    
   1146            532         513146    
   1147            402         513548    
   1148            402         513950    
   1149            510         514460    
   1150            421         514881    
   1151            421         515302    
   1152            550         515852    
   1153            402         516254    
   1154            402         516656    
   1155            402         517058    
   1156            402         517460    
   1157            532         517992    
   1158            402         518394    
   1159            402         518796    
   1160            402         519198    
   1161            402         519600    
   1162            532         520132    
   1163            402         520534    
   1164            402         520936    
   1165            402         521338    
   1166            402         521740    
   1167            532         522272    
   1168            402         522674    
   1169            402         523076    
   1170            402         523478    
   1171            402         523880    
   1172            402         524282    
   1173            532         524814    
   1174            402         525216    
   1175            402         525618    
   1176            402         526020    
   1177            402         526422    
   1178            532         526954    
   1179            402         527356    
   1180            402         527758    
   1181            402         528160    
   1182            402         528562    
   1183            532         529094    
   1184            402         529496    
   1185            402         529898    
   1186            402         530300    
   1187            402         530702    
   1188            402         531104    
   1189            532         531636    
   1190            402         532038    
   1191            402         532440    
   1192            402         532842    
   1193            402         533244    
   1194            532         533776    
   1195            402         534178    
   1196            402         534580    
   1197            402         534982    
   1198            402         535384    
   1199            532         535916    
   1200            402         536318    
   1201            402         536720    
   1202            402         537122    
   1203            402         537524    
   1204            532         538056    
   1205            402         538458    
   1206            402         538860    
   1207            402         539262    
   1208            402         539664    
   1209            402         540066    
   1210            532         540598    
   1211            402         541000    
   1212            402         541402    
   1213            402         541804    
   1214            402         542206    
   1215            532         542738    
   1216            402         543140    
   1217            402         543542    
   1218            402         543944    
   1219            402         544346    
   1220            532         544878    
   1221            402         545280    
   1222            402         545682    
   1223            402         546084    
   1224            402         546486    
   1225            402         546888    
   1226            532         547420    
   1227            402         547822    
   1228            402         548224    
   1229            402         548626    
   1230            410         549036    

Scene                        Shape Bytes    Text Bytes    ActionScript Bytes
-------------------------    -----------    ----------    ------------------
Load                                 178           365                   115
Main                                 203           436                   195

Symbol                       Shape Bytes    Text Bytes    ActionScript Bytes
-------------------------    -----------    ----------    ------------------
highlight                             37             0                     2
Left Click                           478             0                     0
Right Click                          621             0                     0
Small Mouse                          880             0                     0
Back Button                            0             0                     0
Next Button                            0             0                     0
Arrow Shadow                          46             0                     0
Arrow                                 45             0                     0
bubble                                88             0                     0
but back                               0             0                     0
Close Button                           0             0                     0
Start                                 42           129                     0
Start Button Movie                    48             0                     2
Loading Movie                          0            45                     0
Loading Arrow                          0             0                     0
Tween 3                                0            39                     0
DL Logo 2                              0             0                     0
PCC Logo Clean                         0             0                     0
Play                                   0             0                     0
Play Mov                               0            36                     2
Pause Button                           0             0                     0
Pause Mov                              0            38                     2

Tweened Shapes: 138 bytes

Font Name                 Bytes        Characters    
----------------------    ---------    --------------
_sans Bold                       21    
_sans                            21    
Verdana                         492    AELPSUY
Arial Bold Italic               691     AEGILNORST
Arial                          1735     ,.BPabdeghilnoprstuwy
Arial Bold                       21    

ActionScript Bytes    Location
------------------    --------
                15    Load:Layer 10:1
                10    Load:Layer 10:6
                15    Load:Layer 10:7
                 9    Load:Layer 10:16
                15    Load:Layer 10:17
                 9    Load:Layer 10:26
                16    Load:Layer 10:27
                 9    Load:Layer 10:38
                 2    Load:Layer 10:50
                 2    Start Button Movie:Layer 3:3
                15    Load:Layer 4:50:No instance name assigned(Start)
                 2    Play Mov:Actions:12
                 6    Main:Pause Play Buttons:1:No instance name assigned(Play)
                 2    Pause Mov:Actions:12
                 6    Main:Pause Play Buttons:1:No instance name assigned(Pause Button)
                24    Main:Buttons:1:No instance name assigned(Next Button)
                 2    Main:Actions:116
                14    Main:Buttons:126:No instance name assigned(Next Button)
                15    Main:Buttons:126:No instance name assigned(Back Button)
                 2    highlight:Layer 1:25
                 2    Main:Actions:476
                17    Main:Buttons:486:No instance name assigned(Next Button)
                24    Main:Buttons:486:No instance name assigned(Back Button)
                 2    Main:Actions:779
                15    Main:Buttons:796:No instance name assigned(Next Button)
                14    Main:Buttons:796:No instance name assigned(Back Button)
                 2    Main:Actions:959
                17    Main:Buttons:966:No instance name assigned(Back Button)
                33    Main:Buttons:966:No instance name assigned(Close Button)
                 2    Main:Actions:1180

Bitmap                     Compressed    Compression
-----------------------    ----------  --------  -----------
play_off                         474        1512   Lossless
play_on                          459        1512   Lossless
pause_off                        265        1176   Lossless
pause_on                         263        1176   Lossless
next_off                         766        6384   Lossless
next_on                          801        6384   Lossless
cutpaste                         943        5600   Lossless
newdoc                          3830      103040   Lossless
sentence                        1954      119000   Lossless
back_off                         778        6384   Lossless
back_on                          803        6384   Lossless
smmouse                         3163       55800   JPEG Quality=80
fltclick                        2724       55800   JPEG Quality=80
frtclick                        2765       55800   JPEG Quality=80
menu                             377        5280   Lossless
copy                             399        5280   Lossless
olddoc                          3755      103040   Lossless
filenew                         3592      103040   Lossless
bladoc                          3810      103040   Lossless
close_off.gif                    749        6384   Lossless
close_on.gif                     807        6384   Lossless
paste                            403        5280   Lossless




